MONGO_URI=mongodb+srv://admin:admin@cluster0.unz3ui3.mongodb.net/forum?retryWrites=true&w=majority
PORT=4100
DB_NAME = Yotto
WINNING_NUMBER= 123456
SECOND_NUMBER = 222222
THIRD_NUMBER = 333333
LOSER_NUMBER = 
800754,
200440,
220558,
940171,
128928,
457373,
975393,
348764,
133863,
000428,
922644,
027761,
784615,
234939,
908810,
250174,
824654,
242998,
750112,
379832,
724986,
924080,
810626,
137011,
887286,
385668,
830402,
114058,
097013,
583878,
003594,
541015,
226545,
214083,
306582,
301242,
188294,
851540,
076095,
197048,
137840,
342013,
837342,
465309,
927051,
442399,
382132,
543098,
807207,
711353,
096999,
083309,
382131,
649912,
541333,
220280,
811307,
092121,
275495,
085419,
263008,
845660,
938952,
572831,
617423,
582463,
578396,
354940,
419779,
979350,
225870,
148115,
083467,
108647,
726893,
228296,
343167,
078815,
818588,
196619,
957974,
925069,
457803,
995039,
664520,
750011,
399237,
171957,
380103,
114248,
023567,
397845,
655809,
677021,
415570,
230868,
379640,
086829,
692251,
132514,
729634,
122052,
580967,
733215,
376995,
081580,
247548,
347973,
939216,
425435,
374430,
741985,
683203,
665397,
488773,
146271,
478403,
505628,
540589,
523293,
999924,
233299,
730867,
082585,
181667,
359213,
589698,
046376,
919444,
508431,
304398,
665216,
024107,
560897,
297636,
483598,
424673,
042062,
055556,
855589,
621446,
763511,
205906,
710447,
389145,
713586,
846158,
568255,
730030,
198013,
121638,
805537,
077021,
230524,
053646,
170890,
746832,
173485,
617585,
550605,
643087,
628520,
071085,
984294,
209450,
577134,
532127,
930515,
632751,
771342,
807168,
782394,
296107,
374292,
469267,
633255,
482050,
850887,
186210,
292240,
325651,
108415,
298634,
549939,
017644,
887173,
648153,
694009,
257553,
401087,
655482,
274804,
956817,
228345,
648564,
121000,
191912,
452014,
440691,
605215,
407480,
050672,
158633,
159639,
869450,
539028,
320763,
041658,
368168,
858549,
165178,
349478,
171516,
518085,
227828,
287749,
228041,
984495,
170639,
683192,
620081,
323269,
859639,
750224,
266885,
089156,
693083,
106582,
877743,
466786,
179576,
038948,
155109,
661300,
766202,
018573,
247725,
538968,
916643,
466907,
453749,
517822,
439311,
771218,
173875,
708273,
065468,
550217,
114464,
303742,
277353,
169690,
740665,
221281,
386306,
508115,
979541,
992203,
860894,
972291,
173193,
902701,
905035,
762964,
281889,
384477,
286124,
390447,
337182,
655364,
413158,
440252,
145043,
609956,
664861,
588709,
238979,
960228,
967806,
868594,
083163,
626162,
624546,
184752,
525556,
376374,
391732,
079726,
501035,
718737,
808245,
749377,
984513,
041009,
773315,
308513,
194069,
001453,
374650,
306511,
044070,
169465,
966558,
492943,
848299,
916202,
498077,
833203,
273076,
555200,
091092,
774128,
540387,
733006,
868467,
759629,
881004,
069796,
032168,
996308,
237617,
050007,
191387,
469091,
217951,
162959,
940668,
206846,
297899,
293477,
688029,
798013,
274640,
362522,
733093,
156229,
969769,
217809,
595208,
535948,
182418,
774441,
591574,
798071,
892386,
405523,
665367,
925570,
713259,
582798,
463864,
789111,
595536,
767264,
666571,
162681,
779759,
549802,
563343,
989212,
999630,
041801,
882512,
896206,
935141,
515783,
869013,
961361,
915701,
296028,
612506,
728195,
873254,
899198,
625504,
471673,
545411,
424965,
671495,
713826,
928570,
196631,
843070,
989385,
981044,
651757,
890045,
861398,
576186,
482787,
797590,
186861,
705511,
027673,
614348,
632337,
931825,
910499,
530567,
439589,
092346,
932108,
206220,
441195,
251834,
210724,
349131,
326182,
905711,
572580,
543102,
155646,
433187,
192543,
326036,
128379,
800389,
484736,
518061,
596492,
513482,
243165,
799659,
331043,
821792,
032344,
539788,
037658,
170939,
827920,
874006,
122162,
905955,
907299,
032600,
706196,
224409,
990267,
918705,
892849,
379536,
629620,
936437,
282281,
133362,
851786,
069011,
737344,
459823,
047452,
206867,
399213,
497897,
112185,
725801,
953008,
754724,
837064,
315081,
143419,
558736,
549297,
055580,
540331,
762776,
002851,
747896,
554449,
697227,
519077,
490477,
702925,
373137,
377333,
507751,
124980,
935343,
455609,
228246,
347529,
365594,
121153,
612715,
300811,
435681,
371098,
732265,
584007,
910556,
223083,
596478,
980869,
001464,
355878,
231539,
225346,
069060,
000015,
008357,
017204,
576539,
078405,
220696,
287659,
292763,
596970,
913294,
714993,
745380,
285261,
959991,
490186,
923953,
487092,
391854,
332536,
233084,
301154,
975301,
755289,
695539,
971650,
040229,
581259,
405373,
528915,
558132,
708456,
231056,
680040,
470235,
125712,
768596,
949501,
265612,
178301,
544665,
069780,
809315,
083571,
469725,
621994,
420495,
696563,
541150,
926516,
200533,
525638,
796357,
183602,
611160,
998104,
515922,
864017,
302583,
975837,
676715,
349656,
191610,
520912,
655016,
824176,
789779,
911221,
179647,
413614,
781476,
906102,
535092,
577015,
852064,
261964,
014625,
747057,
766009,
497910,
623435,
220677,
695004,
911367,
031748,
299693,
796091,
843702,
777956,
681432,
039790,
195856,
721738,
099353,
288223,
193964,
747189,
213674,
623239,
404982,
715942,
751995,
924536,
002310,
670294,
899923,
697792,
281420,
286333,
941700,
152783,
425479,
577058,
150824,
531515,
520972,
845509,
930676,
686344,
823333,
887890,
205146,
908101,
272564,
446692,
059255,
004221,
258862,
913824,
629783,
626865,
638245,
283731,
245893,
851044,
998177,
356522,
819756,
002748,
173192,
191097,
487173,
737067,
010518,
808269,
498208,
366318,
385705,
143889,
357802,
438169,
468248,
251974,
216409,
563765,
237211,
757829,
510612,
495853,
246855,
561173,
853754,
456907,
642260,
789264,
176559,
717249,
424952,
000025,
117762,
423183,
968528,
635168,
664727,
675111,
784278,
723317,
044077,
855662,
536815,
833138,
862321,
207817,
309696,
276458,
496471,
663033,
121048,
561397,
734674,
919371,
689194,
095484,
666835,
769614,
448277,
138791,
825243,
679402,
813885,
007054,
575192,
615347,
698678,
524795,
755610,
123164,
278008,
728454,
569684,
655796,
005552,
819506,
725482,
151537,
878927,
367593,
826581,
862155,
955324,
763646,
012691,
431023,
117128,
923008,
850278,
221238,
087546,
238563,
473194,
893752,
696227,
783858,
973295,
235489,
394892,
766230,
041073,
237477,
022960,
229928,
856276,
422972,
823165,
009243,
228536,
425579,
707191,
931629,
987990,
817380,
771290,
270827,
625913,
187059,
061909,
449995,
185333,
468028,
591316,
994829,
401663,
516549,
603226,
736687,
093323,
939859,
088422,
265720,
802367,
174300,
550382,
633990,
685105,
813439,
020906,
308600,
652732,
186193,
325738,
374815,
761949,
184958,
600195,
989190,
855590,
343731,
054785,
082695,
453249,
166234,
990839,
313838,
891899,
704043,
066134,
271792,
716524,
384708,
810515,
929518,
320740,
089883,
391524,
346891,
837420,
483446,
630023,
623825,
279321,
589630,
265819,
103401,
929706,
621140,
473289,
824984,
982972,
057287,
627007,
227358,
435276,
972106,
317364,
101842,
225153,
612484,
616200,
795422,
624149,
226286,
592423,
663872,
877444,
140475,
077638,
774879,
094472,
089245,
681768,
861170,
389552,
792139,
058683,
523637,
272512,
782176,
421823,
684461,
289310,
483978,
309824,
290234,
912664,
541894,
602141,
265090,
682674,
398123,
784674,
713828,
597448,
120842,
465396,
375032,
753727,
482327,
139972,
324205,
237509,
287085,
207389,
926884,
264676,
949970,
235580,
041774,
571616,
324315,
477047,
473868,
055852,
780054,
634487,
677572,
666664,
531848,
876419,
709833,
545713,
217209,
102807,
433259,
417671,
724626,
460683,
969250,
230841,
271689,
109776,
401118,
047783,
733216,
238137,
727217,
185943,
219373,
327760,
064062,
608270,
903807,
670210,
099458,
563850,
101765,
132246,
795624,
478525,
598218,
171450,
342319,
095520,
225993,
101847,
359965,
866068,
693889,
609534,
352774,
590035,
664811,
518302,
411870,
306544,
083887,
805263,
168419,
434602,
756599,
866474,
996750,
163722,
176904,
032562,
467479,
094552,
605360,
334351,
050638,
129497,
397254,
518482,
068799,
613344,
580723,
313046,
900197,
723888,
684881,
943200,
431854,
112559,
817943,
896798,
762710,
795041,
995350,
940015,
156741,
291903,
717897,
382970,
246088,
019223,
799853,
595354,
484181,
929210,
447090,
772051,
848866,
400831,
585206,
948767,
795524,
380436,
437651,
267653,
460204,
772383,
353851,
492930,
112741,
079663,
887334,
776515,
859887,
294524,
123854,
673644,
598431,
039098,
259517,
408500,
218326,
956023,
428906,
389835,
055816,
349073,
783205,
976597,
596556,
073776,
818324,
493553,
428743,
678045,
953026,
496918,
446236,
792801,
357050,
289975,
301685,
772597,
029235,
688703,
109653,
586243,
125649,
037400,
399741,
957435,
537710,
474313,
319715,
755372,
720313,
447256,
088632,
635391,
769955,
479238,
699959,
929582,
752858,
184092,
874706,
787422,
283099,
532092,
264544,
566393,
350727,
365584,
904936,
472611,
399896,
164611,
918256,
451449,
656985,
062534,
466919,
328164,
708725,
111660,
956505,
198520,
330323,
798866,
488879,
069414,
563589,
811226,
565325,
749500,
045059,
051632,
039663,
989817,
584118,
904423,
321377,
874409,
991133,
751008,
828743,
460955,
155566,
735490,
691947,
671391,
374111,
780294,
706217,
432536,
928812,
851789,
534944,
066716,
915187,
475916,
162808,
932392,
320358,
503809,
598904,
314779,
351175,
127424,
829864,
566479,
012335,
145163,
022986,
498098,
934517,
477496,
979357,
018879,
452497,
932590,
836976,
027320,
933279,
221931,
023884,
551801,
354221,
225952,
461284,
141212,
131154,
509655,
016669,
505575,
196512,
088238,
206946,
406669,
327457,
442719,
151559,
798658,
724000,
785561,
775620,
218712,
837129,
576298,
263027,
427634,
446937,
287160,
759593,
300484,
990738,
418695,
326170,
967208,
141202,
765398,
141775,
203256,
634475,
931333,
956712,
070213,
348301,
095762,
795700,
806421,
630155,
028765,
910999,
967605,
875361,
356867,
985530,
817499,
355221,
078665,
586004,
968468,
295136,
330451,
866048,
272135,
202738,
401836,
519326,
960008,
446006,
001377,
982666,
034099,
081399,
772201,
889186,
907556,
931974,
057632,
771418,
295284,
915519,
916813,
014432,
354570,
622670,
390332,
058964,
075710,
145040,
015847,
854538,
922633,
153346,
593713,
562591,
723523,
225529,
202604,
509600,
811450,
424882,
465139,
390207,
414991,
128176,
063509,
720342,
298854,
103783,
505098,
540348,
654508,
839799,
138113,
368110,
240803,
122176,
417204,
402175,
774595,
862839,
419093,
974878,
571377,
177815,
608195,
255471,
435896,
715361,
852248,
203244,
802785,
234081,
687934,
770649,
127181,
431058,
836506,
356429,
525358,
019976,
969410,
508742,
665344,
059245,
723915,
878282,
907553,
530129,
968735,
421410,
695404,
164865,
319653,
853275,
195952,
905148,
350940,
190507,
328484,
382020,
506506,
215262,
029851,
201013,
530241,
951921,
646292,
122442,
703698,
868316,
836803,
981817,
082848,
109041,
230108,
705469,
451198,
636070,
002780,
576174,
522921,
619387,
707371,
748778,
395979,
077607,
350534,
015822,
255246,
768603,
721148,
823169,
325638,
330132,
968444,
535625,
075233,
670459,
430131,
952568,
668399,
608980,
710516,
073570,
668917,
766849,
008636,
114025,
993108,
707605,
696377,
770771,
112958,
327793,
146604,
737717,
509239,
497591,
811282,
471467,
374641,
951436,
549603,
206945,
566889,
428645,
206110,
223020,
811876,
064046,
438823,
358133,
156781,
028598,
797363,
775919,
673199,
420019,
051080,
980833,
410263,
403408,
767172,
083777,
597769,
601873,
138817,
317721,
099306,
737156,
063291,
803332,
115373,
520255,
470099,
564597,
136509,
792050,
899097,
794448,
146419,
913932,
328618,
370388,
075095,
408422,
253595,
620113,
501944,
849800,
013690,
337143,
608911,
004728,
371415,
046441,
383607,
222878,
340257,
520039,
072430,
077551,
262809,
542668,
883693,
256310,
138886,
927377,
940749,
701598,
203657,
781160,
485113,
001367,
755767,
020582,
329591,
029701,
235462,
137403,
561402,
837442,
552717,
214205,
495304,
792816,
665354,
190012,
876719,
972056,
407177,
375922,
334860,
800026,
566087,
220725,
085851,
940852,
212214,
326534,
885857,
438538,
276039,
714405,
234207,
107600,
376519,
339966,
826518,
173684,
899214,
859039,
257822,
164196,
324409,
643269,
975690,
048921,
805241,
045742,
483357,
630657,
995825,
916619,
792847,
185831,
129375,
368752,
128097,
355130,
346333,
793317,
878085,
284121,
272493,
125432,
799951,
013883,
847125,
359789,
472127,
121623,
401100,
316271,
997456,
611311,
985017,
655585,
956321,
054294,
947325,
144881,
609770,
979933,
762451,
173381,
352640,
516217,
108922,
518001,
416680,
280394,
197493,
358978,
823681,
519597,
349269,
545494,
588596,
501464,
823834,
111301,
172667,
154767,
897371,
040348,
186552,
960037,
190791,
282402,
343446,
090185,
247857,
018677,
662209,
801132,
363306,
177457,
920490,
072432,
660979,
199719,
357852,
497895,
421944,
054765,
628897,
426215,
662618,
505838,
006391,
351594,
962897,
625753,
834390,
554366,
544277,
562521,
231362,
991624,
597982,
554972,
043315,
437843,
863085,
198382,
046923,
875506,
454639,
960097,
402647,
135727,
941796,
945159,
357862,
788882,
675936,
911929,
199982,
285226,
368789,
537715,
459587,
345523,
920563,
934395,
363543,
601671,
498068,
414040,
538134,
487323,
862838,
504544,
962179,
378519,
949261,
215245,
170163,
984303,
692701,
552552,
705360,
987353,
107623,
285569,
822959,
934605,
615719,
961721,
443186,
377879,
624033,
172376,
354433,
264501,
353083,
068475,
666379,
577930,
914993,
126154,
513119,
228384,
641610,
162367,
006286,
193462,
662634,
600516,
438178,
908774,
733742,
986071,
734880,
908558,
314710,
752200,
159394,
716315,
897543,
235389,
264759,
985425,
584598,
941070,
097179,
889777,
916707,
059246,
649146,
764394,
951304,
230114,
562567,
996055,
590549,
559693,
081888,
163923,
159455,
885445,
257218,
430168,
234010,
291905,
397457,
180594,
719306,
876302,
773418,
915261,
177658,
764184,
570952,
389113,
406736,
375047,
094076,
002603,
267684,
937956,
218095,
442314,
763248,
257170,
092728,
571588,
365903,
727770,
095233,
571152,
595973,
601283,
033534,
329737,
849758,
501303,
599340,
084710,
477662,
189124,
071279,
312693,
112314,
579356,
268013,
870194,
246696,
005558,
751373,
384227,
062264,
735855,
279475,
892938,
507078,
738571,
509852,
736232,
623924,
697849,
952573,
696398,
128438,
279278,
173375,
388729,
237234,
645516,
246780,
902155,
746028,
221917,
459228,
689862,
357762,
712156,
262194,
709918,
260728,
363851,
475320,
815900,
956698,
484194,
739537,
397518,
339043,
205568,
220188,
271238,
020860,
501181,
560157,
820911,
913100,
450682,
082991,
388395,
052688,
755793,
246027,
914181,
680654,
505931,
343515,
828017,
570250,
193832,
459744,
189534,
605083,
981178,
672168,
078872,
607236,
214222,
504531,
237302,
415392,
189411,
629988,
957855,
212962,
169014,
824235,
225942,
106209,
646744,
168633,
109985,
952371,
863385,
503330,
402037,
437789,
572415,
130389,
508408,
406029,
055635,
766913,
590293,
436010,
388788,
748167,
954393,
670127,
957189,
480706,
693542,
892376,
221350,
145500,
577333,
856481,
732599,
651058,
192741,
864016,
398715,
836550,
334749,
592533,
999541,
924940,
646973,
952620,
226102,
512286,
521349,
328815,
089951,
193444,
909759,
117931,
109565,
223712,
801621,
744346,
574313,
047487,
926245,
832634,
172976,
910923,
607665,
223187,
946874,
002558,
342770,
237843,
492993,
843937,
629423,
195512,
417107,
930239,
044589,
177796,
036903,
620900,
572460,
044622,
335108,
280238,
182581,
699857,
162615,
668080,
657969,
606943,
691602,
580386,
673248,
554514,
118664,
739874,
122766,
672026,
617935,
936642,
698721,
695380,
544211,
418799,
719291,
482547,
886080,
533085,
206754,
779193,
969041,
615500,
215613,
234306,
408635,
131924,
410724,
665817,
313564,
068748,
895421,
576229,
738822,
573491,
289637,
918240,
388815,
845436,
058032,
110367,
570489,
276243,
088120,
302575,
396454,
840584,
518389,
891896,
238110,
736761,
816428,
288060,
428767,
277337,
107056,
929116,
216780,
029754,
750440,
547060,
968664,
206964,
170226,
683454,
622224,
308051,
931660,
455061,
389679,
008859,
069715,
569460,
710788,
302612,
667216,
590678,
455973,
890543,
682964,
454810,
379446,
822518,
029862,
235648,
822332,
387660,
903040,
160304,
665795,
254975,
357978,
874835,
534164,
863978,
138634,
959869,
248057,
065317,
755568,
696228,
527506,
011394,
814063,
080555,
945081,
296999,
592259,
090939,
129018,
349926,
869268,
202538,
216339,
071604,
003306,
153207,
555984,
727719,
259815,
959119,
661929,
088839,
389589,
180395,
416315,
821042,
456897,
436723,
522572,
126537,
917610,
172991,
208546,
634290,
947328,
674902,
179618,
540653,
019499,
334609,
821837,
999983,
733551,
166331,
655039,
765271,
893010,
571986,
035974,
078765,
833632,
356811,
111432,
812596,
001522,
994987,
021366,
859405,
781262,
145267,
352019,
772962,
574038,
416599,
839049,
658798,
125758,
383751,
320650,
314825,
105187,
852936,
940682,
621964,
932062,
377438,
601795,
184767,
855224,
023236,
668552,
222046,
280739,
384629,
920554,
707496,
350027,
849863,
755567,
760316,
767981,
116750,
642648,
285842,
881100,
958303,
825264,
866167,
005605,
238352,
274425,
900764,
005572,
177172,
891802,
997118,
121052,
867110,
962858,
611344,
046197,
038207,
859967,
938815,
257387,
073825,
995545,
054787,
591354,
276271,
025169,
305026,
073304,
382423,
300708,
946428,
995047,
329353,
573443,
037647,
243118,
269955,
947194,
579721,
876904,
838566,
081448,
906696,
956770,
666596,
644478,
326250,
622180,
148149,
016471,
010319,
419827,
455648,
242655,
135722,
881753,
805463,
236421,
274785,
353480,
973535,
232449,
035968,
072128,
060999,
489834,
954488,
494546,
509810,
245208,
632946,
875433,
368369,
915869,
131949,
095466,
807147,
552904,
610737,
739423,
884311,
544313,
217810,
424307,
561347,
568135,
231549,
377475,
968688,
795574,
450843,
264760,
921337,
344123,
835714,
268595,
684490,
980688,
397941,
416141,
989166,
074716,
341688,
157410,
297829,
801316,
454125,
193392,
320012,
594387,
746054,
554175,
777944,
849742,
342537,
927079,
422174,
878233,
623519,
234769,
297197,
108877,
614450,
463393,
257078,
541978,
626914,
740696,
731077,
452255,
149255,
664151,
739275,
341968,
987198,
879084,
158198,
144038,
654474,
906795,
236441,
675177,
013451,
222688,
360297,
339009,
165751,
584391,
069377,
079201,
592881,
609886,
322238,
582580,
546855,
605630,
012008,
732264,
690820,
644682,
732010,
310785,
989681,
894828,
791386,
953214,
850725,
196705,
480725,
350285,
514248,
891928,
587685,
701523,
694178,
901210,
162621,
418365,
468701,
052494,
534208,
077288,
420886,
659074,
575063,
622934,
029309,
347720,
217378,
821233,
308681,
136803,
218538,
962528,
700468,
764421,
176748,
814704,
213520,
266524,
796660,
826308,
814695,
805038,
404994,
579676,
069485,
745992,
716166,
494058,
032637,
987639,
847915,
778744,
388783,
538585,
586921,
636188,
843062,
345914,
904438,
715133,
761747,
373308,
721912,
813734,
062866,
929179,
926613,
832689,
356832,
244790,
637253,
978356,
337067,
302377,
719617,
215885,
420622,
913283,
552182,
972339,
638810,
046074,
041749,
089819,
777823,
404668,
889062,
028593,
769364,
256461,
104437,
320214,
331268,
510448,
773382,
270653,
858125,
045354,
072230,
913417,
561912,
287753,
533755,
212680,
862612,
040195,
562804,
516401,
028839,
559335,
201919,
259458,
068469,
884051,
146960,
916764,
869256,
413574,
012737,
206398,
589465,
735612,
848625,
542727,
298494,
704474,
904198,
739535,
867496,
769195,
644848,
963140,
110010,
551663,
017415,
935528,
172581,
674742,
965806,
387474,
175387,
840396,
196626,
761665,
102864,
157818,
194799,
165827,
944331,
721551,
489194,
575853,
084615,
439616,
168253,
288922,
944675,
111633,
645609,
626629,
872228,
756952,
675719,
888107,
282375,
192771,
619482,
553153,
048224,
862266,
959872,
735353,
141514,
912717,
067553,
885209,
523245,
523627,
216514,
743260,
284299,
484851,
849685,
543209,
036063,
024724,
094570,
465049,
551061,
888178,
528866,
338186,
653572,
664874,
196091,
594568,
360258,
367325,
871209,
471802,
270790,
259020,
576253,
466289,
208472,
932548,
345952,
036342,
110863,
637726,
243356,
555312,
170409,
859724,
625459,
514715,
225061,
147185,
658827,
977357,
398902,
190357,
085218,
280457,
992776,
149213,
237215,
988773,
624908,
231577,
303843,
097727,
621531,
521251,
846198,
486532,
657509,
056138,
563071,
621312,
646968,
156367,
306575,
508233,
883912,
002418,
347766,
896621,
432857,
463250,
892273,
732097,
769449,
174421,
845917,
859690,
671093,
866218,
830342,
976972,
357576,
941777,
448636,
837178,
881695,
305212,
800957,
702331,
769877,
439738,
250161,
046371,
912808,
735798,
437421,
508273,
706057,
069185,
547857,
095178,
440702,
629168,
826158,
635518,
943950,
996620,
342211,
482136,
469770,
472139,
006720,
465415,
839512,
654173,
836836,
096404,
832533,
267151,
471781,
019937,
826825,
239598,
938472,
717767,
689635,
032271,
667144,
461682,
918095,
216274,
756980,
516636,
029845,
301190,
491733,
593871,
813204,
105350,
554045,
170059,
623225,
797600,
360353,
351965,
525017,
999695,
281655,
255295,
063318,
889920,
345600,
109602,
611968,
159253,
041751,
758698,
702034,
026994,
274710,
801276,
599935,
506387,
567243,
981538,
135566,
920248,
513406,
829818,
780422,
666586,
481667,
553209,
975728,
234232,
568035,
176185,
710558,
468462,
799182,
931231,
349964,
086623,
585569,
899460,
713098,
443755,
424573,
901248,
401339,
548221,
853608,
636849,
376419,
327327,
653251,
077029,
788544,
142952,
300372,
103685,
054525,
557167,
671251,
400470,
185897,
347866,
994710,
593424,
367047,
774388,
055234,
641590,
783338,
093140,
646095,
477648,
699237,
323228,
272483,
898533,
786434,
262075,
104624,
706065,
701974,
751050,
180910,
097570,
916377,
191095,
861020,
306506,
791763,
308344,
529049,
493093,
909982,
169752,
546630,
884930,
650733,
448721,
456061,
167624,
019691,
940722,
433428,
125416,
726636,
328921,
991731,
531806,
513571,
199805,
934010,
290173,
732852,
308807,
556469,
824409,
175313,
095928,
101600,
719533,
148386,
451366,
461310,
612327,
804233,
731140,
130044,
331953,
717866,
022713,
407914,
290581,
715273,
660619,
853817,
124014,
951545,
992085,
988567,
582314,
238999,
392663,
248015,
670424,
625303,
531847,
186178,
038797,
221602,
888700,
928361,
624015,
280643,
517485,
874283,
539423,
524900,
063280,
651203,
215744,
724696,
027613,
317042,
791712,
526333,
284079,
813513,
754692,
530213,
843970,
669240,
831309,
618967,
871898,
952889,
128068,
535575,
951419,
476288,
521983,
711495,
600662,
247554,
301202,
344786,
037949,
174219,
055629,
728233,
197422,
016355,
817552,
827473,
994671,
589696,
452267,
109121,
842355,
218765,
298701,
618892,
415826,
440002,
060040,
309727,
668760,
954882,
944354,
619920,
098775,
833048,
055219,
263063,
965428,
497063,
544008,
767368,
942197,
070482,
164816,
131751,
418629,
182448,
455138,
632125,
053496,
119888,
366694,
975824,
037289,
373830,
238902,
707101,
049758,
967528,
814498,
160244,
400533,
034587,
505165,
662708,
419753,
647092,
907154,
988234,
098691,
893724,
566914,
059981,
980377,
207897,
996712,
903642,
300222,
945870,
940262,
850579,
376648,
214884,
888348,
990940,
251707,
951278,
844449,
876788,
581711,
248619,
340364,
475226,
777854,
935827,
701837,
371519,
396836,
405295,
564184,
222222,
781494,
691021,
637915,
458306,
951418,
796727,
724360,
238277,
743584,
273989,
981295,
651309,
202974,
050358,
438567,
170362,
223206,
507485,
763717,
355313,
437152,
809252,
277606,
806076,
357568,
479888,
220043,
365730,
767718,
232102,
265403,
573642,
362001,
045202,
288261,
368593,
636570,
493224,
379009,
041906,
029962,
323056,
109486,
440564,
313725,
282560,
048600,
420341,
233034,
198703,
527955,
548927,
397328,
305676,
657476,
059046,
420924,
823022,
591032,
051592,
313649,
783763,
948743,
121463,
112518,
049204,
197094,
817083,
953637,
991911,
220779,
440609,
249320,
856085,
624594,
490149,
567741,
749697,
647127,
562443,
181180,
668414,
863877,
243491,
394141,
511222,
140385,
249173,
121479,
346054,
835354,
815879,
716527,
925411,
253776,
341131,
049219,
451992,
350058,
274208,
834216,
594315,
681146,
256773,
209031,
752343,
609650,
513496,
562151,
573109,
756969,
492682,
611167,
716344,
706416,
756890,
730896,
870095,
956343,
123565,
531507,
016359,
123266,
055657,
686644,
946699,
394990,
302253,
011555,
027876,
233734,
789194,
791211,
217470,
329257,
759704,
358439,
329508,
801982,
165018,
922039,
550086,
656118,
305001,
644914,
202994,
482793,
718775,
972193,
765346,
413170,
325349,
209358,
133197,
321579,
814235,
350365,
137176,
278636,
286081,
155775,
308105,
254374,
143291,
480872,
892628,
071363,
230654,
853795,
118832,
607838,
225964,
303655,
711877,
250824,
280650,
438670,
659615,
599258,
910397,
774281,
228223,
417117,
135775,
311281,
227819,
836542,
872861,
363940,
528093,
810964,
573863,
638130,
823931,
818226,
117750,
559449,
651037,
813713,
950870,
851347,
651564,
433470,
477583,
363251,
089732,
447336,
700878,
148686,
617457,
462060,
113005,
793410,
289977,
874432,
836095,
993526,
831474,
074405,
012786,
383618,
150699,
898223,
446851,
614870,
106602,
331541,
493820,
683193,
523949,
462556,
201605,
507348,
458954,
685128,
701126,
757074,
714902,
151905,
846938,
931212,
607770,
477451,
107850,
685829,
981858,
691367,
707557,
412344,
475412,
441419,
015260,
065650,
036245,
446664,
186294,
242245,
687368,
200569,
052751,
508352,
542612,
924144,
264107,
978045,
072253,
769061,
677843,
141376,
618636,
270780,
000077,
942498,
161803,
051679,
676180,
107790,
335117,
774170,
031411,
723983,
690883,
343834,
661532,
066285,
215980,
362536,
073442,
676504,
097481,
831560,
575794,
691177,
738278,
104726,
419626,
419690,
022709,
091519,
188984,
172407,
832185,
710213,
441546,
338794,
810807,
590995,
599248,
715542,
381002,
029093,
088908,
084695,
009138,
187898,
732854,
721155,
552091,
389545,
073898,
868189,
630764,
844198,
887918,
142195,
910552,
949413,
988532,
841574,
058753,
015799,
506416,
386798,
376451,
452595,
276349,
086032,
501649,
658301,
165335,
150764,
362385,
161298,
650730,
961425,
379863,
010474,
648366,
583019,
921576,
415853,
590677,
530743,
004431,
639213,
754825,
785614,
247873,
134718,
840821,
060097,
077012,
939537,
799654,
175747,
314474,
911414,
518727,
189891,
634591,
113419,
675653,
680296,
529830,
578336,
078996,
325979,
275643,
542311,
832823,
377244,
433616,
383091,
616392,
358811,
742090,
948148,
699785,
022937,
256790,
132807,
209528,
552546,
741449,
708370,
644217,
014349,
308434,
400239,
640143,
061971,
309367,
216044,
986919,
889077,
475755,
023765,
893100,
432495,
309611,
379861,
501816,
825343,
724084,
607389,
656387,
100153,
934078,
124137,
915959,
141996,
596880,
020741,
821118,
891606,
202786,
888815,
409524,
798508,
715723,
899074,
981530,
524139,
463879,
129460,
115812,
894976,
280322,
143266,
934988,
105661,
893628,
817263,
621248,
172124,
568508,
419823,
181978,
634709,
996427,
939042,
465384,
511299,
436237,
660872,
426115,
500441,
104796,
997238,
640895,
434473,
817593,
564168,
074138,
982644,
879378,
509917,
093581,
604245,
224782,
093090,
735908,
751728,
808944,
510770,
222370,
323836,
248136,
976641,
724415,
368727,
710388,
049114,
379311,
037095,
056112,
555771,
785302,
228729,
689890,
369580,
828495,
895293,
551772,
449216,
843738,
337113,
013665,
951478,
923132,
590384,
029485,
827112,
776945,
836808,
116629,
336431,
186730,
044219,
434094,
814947,
708458,
857210,
110601,
688990,
625636,
737755,
822726,
741335,
152438,
355837,
623020,
626830,
886824,
230072,
018136,
638015,
513669,
618334,
296953,
720752,
757889,
658379,
108703,
739849,
587562,
758472,
291093,
994682,
667056,
238008,
948431,
984825,
060152,
218143,
779754,
425671,
183172,
762415,
656949,
514058,
008099,
267368,
452879,
443894,
515709,
103182,
119510,
171784,
398688,
504292,
016033,
432653,
014765,
710017,
486993,
005369,
589830,
355184,
690409,
228372,
671063,
110751,
675903,
765299,
830059,
574438,
712823,
620604,
615951,
411342,
868369,
405188,
758536,
744574,
835716,
852023,
621401,
795872,
012143,
581775,
905046,
776236,
827154,
118430,
600010,
026547,
320606,
154922,
189998,
408195,
970830,
068752,
105002,
943700,
772760,
687618,
424429,
707344,
566058,
305039,
830224,
965788,
613236,
945977,
809998,
568703,
427782,
882466,
110149,
589392,
852286,
399236,
438991,
215417,
386566,
809335,
419875,
889220,
765790,
719758,
794317,
698754,
788604,
547071,
875123,
018104,
395252,
283033,
249512,
398111,
995710,
510226,
732242,
707001,
047801,
667674,
568736,
521006,
885326,
566474,
888204,
764992,
796189,
155417,
406774,
603083,
350519,
536617,
380608,
579285,
978797,
231128,
809036,
008113,
799981,
694580,
887675,
615213,
699629,
082794,
711558,
427990,
658027,
267414,
228254,
916231,
328312,
101529,
440999,
382732,
864599,
935296,
861816,
603922,
000102,
381570,
214645,
720486,
375263,
331525,
388461,
377993,
115877,
220281,
640405,
117520,
661212,
542528,
048909,
016277,
842140,
618151,
216816,
578230,
209260,
607855,
224510,
874729,
611022,
778792,
833037,
935133,
021850,
020182,
937235,
387432,
620275,
608943,
268853,
348876,
117049,
225311,
349682,
566594,
333278,
218467,
694675,
808227,
028546,
122165,
265075,
502546,
979036,
420353,
171538,
630081,
305660,
562798,
627260,
863745,
052178,
230713,
151101,
959457,
013330,
852383,
020710,
396773,
812957,
368787,
975650,
269501,
232125,
249223,
170523,
426337,
787252,
756937,
378095,
861482,
558234,
464742,
442422,
355270,
266567,
020651,
981972,
364793,
603475,
163492,
342754,
164528,
808032,
988543,
801440,
236956,
495289,
463149,
018492,
913193,
734399,
192351,
741285,
263613,
376742,
434512,
757233,
238473,
634048,
366939,
096916,
058536,
906525,
601509,
487201,
855699,
860983,
950294,
054369,
563617,
758956,
441189,
277242,
058328,
034833,
583531,
190304,
548878,
123976,
883729,
836830,
217944,
540851,
610887,
972007,
112462,
207150,
812429,
016062,
284251,
029916,
579725,
180638,
729670,
563715,
305661,
285083,
918533,
740534,
794979,
007803,
428354,
427138,
336975,
826397,
888831,
546927,
723944,
676474,
555641,
145373,
381975,
592274,
388562,
155642,
074067,
597296,
379599,
414222,
853260,
844922,
131107,
926544,
265758,
009040,
683919,
382610,
804053,
924672,
595469,
922619,
610052,
478599,
267917,
152588,
428201,
749983,
526276,
409981,
808610,
400993,
446535,
279332,
560177,
317435,
433784,
357869,
453715,
499367,
550339,
271142,
175078,
201735,
093870,
938646,
528280,
324990,
425521,
089445,
888627,
055717,
048039,
027800,
905838,
757257,
933896,
648791,
457172,
110336,
103419,
703944,
850550,
503687,
452907,
316855,
277685,
674675,
832765,
748816,
517202,
599925,
375620,
414439,
887764,
635941,
074455,
147281,
451202,
909740,
610726,
715469,
465632,
959466,
432493,
587326,
088587,
625026,
082542,
946995,
330137,
188707,
776509,
960064,
256016,
765804,
231008,
289193,
440750,
945246,
741756,
859735,
670776,
680218,
511692,
875364,
897570,
428790,
229112,
083700,
440775,
544538,
895785,
291933,
441319,
917171,
905083,
132448,
564549,
863157,
370103,
078451,
953346,
266346,
701796,
709593,
431258,
968596,
437088,
227595,
955622,
410397,
317006,
221873,
320687,
521498,
614805,
685165,
110745,
861531,
714092,
279151,
903248,
010635,
936948,
850086,
721938,
210080,
622057,
194416,
739973,
252899,
452831,
074410,
233049,
624502,
035531,
483780,
782525,
893311,
727396,
163312,
728550,
351378,
714767,
366483,
873187,
905015,
341210,
875093,
433539,
215415,
685644,
264886,
244871,
089280,
390464,
421179,
213738,
119445,
739666,
304480,
021111,
575502,
986974,
966120,
075496,
544426,
933962,
813876,
716067,
321200,
758182,
127593,
665785,
049439,
091287,
824813,
734525,
612017,
347155,
476398,
772202,
771691,
300018,
572154,
871895,
561725,
912583,
036461,
822970,
926515,
414160,
993889,
814211,
612217,
628784,
784832,
386938,
307367,
553341,
231129,
638135,
033512,
185697,
151688,
673576,
785830,
602817,
128114,
310950,
423756,
288891,
520330,
032984,
811610,
713464,
732206,
190569,
209218,
159556,
727182,
455884,
912540,
801788,
793894,
525524,
144292,
034509,
561796,
073623,
194576,
049918,
266791,
954978,
811499,
666191,
266848,
658174,
841801,
405606,
807635,
008714,
121482,
822668,
038139,
122136,
616422,
082233,
276290,
607143,
813010,
787633,
524593,
018729,
358770,
058802,
235744,
561300,
952980,
860400,
328263,
041803,
487303,
579941,
452111,
072846,
436409,
855913,
504323,
525829,
498602,
655906,
394628,
234065,
486443,
604737,
061074,
945906,
467376,
562574,
735658,
527868,
154351,
453063,
459944,
417756,
546455,
341450,
850691,
327789,
819528,
762708,
115481,
197727,
466797,
299662,
318339,
397990,
689493,
411114,
895362,
182791,
037484,
509965,
393254,
299891,
291346,
620387,
410546,
645722,
310737,
641559,
358993,
014491,
812096,
564483,
559215,
756845,
805983,
169983,
231241,
525188,
397682,
954701,
447645,
414308,
365330,
396725,
336659,
352001,
988043,
471215,
535309,
739695,
124034,
416024,
892532,
343075,
538746,
747327,
422305,
432711,
482973,
525243,
506769,
174680,
520983,
869463,
349355,
271190,
608650,
724871,
677906,
851209,
421571,
877173,
697807,
611088,
933196,
218520,
295104,
205183,
242950,
263133,
489633,
886486,
654363,
912929,
138147,
397246,
003187,
473144,
887432,
109593,
235530,
917961,
377445,
416167,
235974,
406131,
694426,
370740,
905703,
046604,
074034,
578842,
490627,
914147,
854463,
338384,
159508,
314972,
679574,
030289,
832086,
302365,
952015,
759108,
257201,
442304,
536349,
243653,
340920,
829087,
712180,
957618,
724660,
350961,
377271,
520204,
613318,
205740,
500680,
336746,
853390,
666433,
825874,
489336,
261098,
096873,
823863,
877449,
200518,
217333,
896319,
608568,
411701,
620162,
828703,
088800,
535399,
493390,
663546,
208193,
846408,
802796,
258035,
106613,
355495,
912498,
268039,
309266,
299537,
674365,
450456,
607962,
115608,
339678,
363941,
389236,
456600,
512258,
509531,
212475,
456852,
351590,
721272,
638044,
247773,
025947,
806841,
305408,
723466,
415519,
438176,
261257,
556356,
065531,
292094,
537637,
462812,
389375,
440923,
980067,
121732,
993121,
325668,
925379,
021694,
983907,
531289,
024580,
825897,
515880,
351630,
564780,
451636,
149649,
167366,
216449,
449999,
544453,
063275,
537753,
708985,
348792,
156363,
990180,
406636,
341046,
173984,
204162,
214153,
820106,
281972,
494701,
749030,
245992,
162760,
626995,
278174,
130485,
343509,
832062,
671029,
177748,
774231,
072365,
602708,
674950,
655916,
557439,
007107,
132895,
518653,
509511,
780040,
176644,
549759,
179132,
732359,
686141,
171903,
110795,
793081,
186837,
871230,
658567,
462510,
490318,
275486,
751707,
515366,
584924,
482145,
910296,
953906,
776382,
636530,
510859,
211054,
078425,
759945,
301993,
603521,
853417,
827790,
169990,
034932,
702983,
097697,
154460,
948952,
608628,
687645,
713962,
532409,
322368,
404092,
241623,
168422,
007348,
820097,
830765,
139521,
128475,
603446,
290531,
580778,
593035,
094777,
411511,
682927,
141323,
135702,
481362,
145492,
987269,
146937,
050439,
879913,
709057,
456425,
947416,
962664,
389758,
877458,
544912,
838388,
007947,
536807,
275118,
773015,
078334,
952843,
395418,
556889,
542387,
363664,
004019,
457893,
908954,
305220,
305571,
424575,
644896,
439438,
126796,
539270,
815701,
632344,
682109,
721231,
976119,
282194,
589248,
679745,
310780,
897594,
134895,
117267,
024825,
925626,
790302,
182540,
984525,
829973,
976917,
173720,
607910,
419048,
082009,
491502,
005392,
424111,
724289,
842248,
370392,
327402,
269543,
691105,
619963,
440261,
596250,
965137,
285416,
231255,
111207,
006445,
652945,
904302,
015161,
775297,
154252,
226798,
818426,
303246,
007171,
607739,
106512,
396263,
106294,
425847,
555750,
587856,
163597,
607699,
198916,
342196,
099062,
455845,
940856,
507246,
681305,
726937,
324111,
017881,
418200,
959856,
544543,
849015,
697503,
053833,
716960,
218727,
177478,
096574,
390739,
041385,
427522,
442389,
315453,
630770,
818790,
040313,
456494,
653203,
664820,
012234,
260701,
330670,
612156,
481016,
171983,
893944,
280978,
648624,
396943,
285712,
155720,
124249,
920507,
113703,
725703,
502435,
771543,
853807,
875753,
191203,
538492,
303204,
526828,
490173,
134989,
283489,
526647,
918695,
815489,
593795,
790310,
793967,
440894,
213919,
690924,
059166,
994174,
757448,
700230,
361569,
345996,
174882,
279227,
380682,
270347,
706761,
018796,
406360,
710159,
086788,
030326,
166936,
292934,
994956,
586339,
907343,
096371,
760672,
011116,
717243,
663986,
315881,
821318,
109147,
270745,
398194,
116615,
846544,
438679,
004009,
220312,
022025,
702519,
091640,
569970,
385407,
625314,
534438,
858031,
921857,
064058,
323919,
422448,
680022,
685316,
022889,
887306,
850147,
730848,
468567,
053445,
092206,
033236,
725711,
039093,
114024,
281504,
289744,
670481,
499401,
536750,
539877,
122475,
786241,
997764,
442235,
809199,
794672,
016658,
502983,
524659,
205177,
364490,
971450,
833369,
386712,
746887,
293254,
710977,
474836,
569672,
813425,
434887,
699836,
954487,
729535,
724886,
964848,
004422,
294820,
133770,
673986,
319634,
271301,
687968,
810466,
762979,
632919,
778164,
264729,
475629,
518649,
299929,
412569,
142705,
435632,
044339,
943255,
508898,
712300,
338603,
937660,
144091,
201496,
936689,
196382,
458990,
233604,
159946,
817870,
970747,
819670,
287733,
026550,
818583,
104532,
198040,
250951,
529414,
069940,
258116,
451826,
033477,
487683,
465093,
700283,
929954,
122715,
836608,
005902,
002598,
186278,
051435,
394869,
985355,
039030,
340103,
238094,
577996,
144166,
625524,
829339,
711731,
270547,
913620,
213342,
064847,
945820,
933943,
263946,
828320,
159549,
030305,
012215,
721452,
316336,
301398,
224569,
257486,
438947,
991426,
230902,
259237,
621438,
130721,
002712,
624716,
732277,
426378,
481221,
342753,
367473,
402870,
155505,
758624,
053698,
792681,
890613,
089675,
701414,
176926,
005700,
190948,
307996,
875979,
602145,
570804,
910859,
090096,
141677,
656551,
790580,
290042,
274506,
310066,
924029,
857713,
917440,
593422,
687487,
976764,
582015,
784512,
809774,
773233,
952618,
642674,
575375,
706165,
714613,
924317,
277565,
208239,
632464,
148545,
921531,
576390,
877865,
612783,
177500,
112437,
607858,
658399,
583864,
513707,
792964,
186334,
000302,
513660,
295303,
422724,
310909,
772512,
196725,
934523,
377319,
017864,
376929,
895133,
241828,
435324,
341591,
600024,
580522,
309132,
300489,
232364,
406404,
912787,
495627,
878638,
022511,
649670,
779361,
794281,
225048,
443671,
442525,
919292,
756507,
379812,
292551,
643871,
008795,
594871,
981601,
824036,
976358,
418012,
584687,
047249,
459305,
761406,
427797,
148045,
516537,
760855,
166022,
973653,
168864,
666421,
111679,
399621,
352141,
983046,
812437,
595445,
120382,
861184,
879439,
540189,
098893,
737419,
065434,
788115,
187393,
225092,
592893,
484301,
513141,
254928,
732142,
630274,
634059,
465662,
629482,
599631,
991857,
844658,
385316,
903663,
615163,
618540,
382273,
206981,
072640,
393815,
863334,
593143,
676117,
547496,
759957,
080276,
933711,
867730,
770201,
386703,
252955,
444423,
686851,
946568,
893918,
809862,
975544,
175457,
172337,
329342,
602896,
986031,
912735,
841791,
114619,
553643,
151549,
550397,
963658,
331968,
090258,
163226,
088304,
318624,
298502,
283856,
740329,
570802,
167210,
051998,
563103,
970888,
611729,
034116,
919725,
242087,
024940,
364063,
471144,
214049,
480391,
133696,
004288,
338496,
185419,
033505,
510182,
454844,
184274,
243239,
512083,
805831,
311245,
572530,
643596,
303138,
393787,
851516,
476804,
043018,
705642,
571470,
600390,
071918,
669966,
775421,
947765,
402107,
812456,
198782,
375191,
277298,
964471,
659973,
489908,
688275,
716160,
701048,
728255,
138516,
119586,
478318,
683800,
659822,
641852,
902976,
685461,
077936,
368223,
031724,
625632,
528173,
455254,
707397,
038311,
221045,
833916,
449586,
427221,
457880,
162715,
595268,
843936,
896456,
030825,
689425,
716007,
066619,
411207,
125672,
925088,
135909,
363736,
036883,
135058,
925189,
988327,
435815,
370147,
174266,
628059,
605731,
843064,
057518,
322299,
741029,
033117,
949516,
509829,
837864,
014343,
440655,
981969,
834772,
033627,
602772,
085705,
003300,
338835,
504777,
176811,
588625,
256930,
978272,
322974,
700184,
522106,
633184,
256922,
452296,
853906,
123380,
579546,
354787,
785350,
662302,
213025,
953616,
741058,
788584,
103954,
721502,
365381,
381682,
176467,
198543,
100516,
927496,
535361,
382849,
014641,
033999,
919222,
371159,
880033,
196856,
403550,
249472,
501196,
815055,
353886,
233670,
292987,
456527,
628933,
060142,
108739,
373775,
033683,
626409,
318384,
269497,
022543,
881752,
136585,
312210,
652460,
967832,
200852,
401879,
786042,
609322,
399675,
685536,
544689,
754523,
950645,
322911,
011714,
465996,
728577,
502053,
185469,
061187,
843641,
704957,
182470,
503045,
469481,
223188,
690522,
040656,
921345,
923506,
671845,
099863,
984205,
263491,
316196

